# No. of        No. of        No. of basis       No. of shells
# alpha MOs     beta MOs      f'ns in each
   6              5               43                  23
# L,  exponent,     coefficient
0  3.61664000e+04  3.91165624e-04
0  5.37258000e+03  3.06178423e-03
0  1.21321000e+03  1.60092418e-02
0  3.39623000e+02  6.42033335e-02
0  1.09553000e+02  1.94919363e-01
0  3.87773000e+01  4.01083030e-01
0  1.45759000e+01  3.92472270e-01
0  5.26993000e+00  8.33750317e-02
0  1.82777000e+00 -4.04593930e-03
0  6.19948000e-01  4.62573293e-03
0  3.57228000e-01 -2.37804647e-03
0  6.18610000e-02  3.93545384e-04
0  2.42950000e-02 -1.72806487e-04
1  1.44645000e+02  6.35389937e-17
1  1.44645000e+02  1.76397617e-17
1  1.44645000e+02 -1.77545555e-16
1  3.39074000e+01  1.07048806e-16
1  3.39074000e+01 -2.02530578e-18
1  3.39074000e+01  1.15914252e-16
1  1.06285000e+01 -3.14515281e-16
1  1.06285000e+01  1.45033344e-16
1  1.06285000e+01 -7.83883800e-17
1  3.82389000e+00  8.72606424e-16
1  3.82389000e+00 -3.73915108e-16
1  3.82389000e+00 -1.49867314e-16
1  1.44429000e+00 -1.00504400e-15
1  1.44429000e+00  4.21319239e-16
1  1.44429000e+00 -8.64376583e-17
1  5.52621000e-01  5.49329335e-16
1  5.52621000e-01 -2.86239448e-16
1  5.52621000e-01  5.11716571e-16
1  1.88720000e-01 -1.87559421e-16
1  1.88720000e-01  1.26109469e-16
1  1.88720000e-01 -3.56782600e-16
1  4.65010000e-02  4.45220536e-17
1  4.65010000e-02 -5.86746169e-17
1  4.65010000e-02 -1.00254183e-16
1  1.62850000e-02 -1.45040470e-17
1  1.62850000e-02  4.00457135e-17
1  1.62850000e-02  1.75343834e-16
1  8.00000000e-03 -1.60597601e-17
1  8.00000000e-03  3.17636764e-17
1  8.00000000e-03 -3.04724631e-17
0  3.61664000e+04 -9.58258869e-05
0  5.37258000e+03 -7.47550408e-04
0  1.21321000e+03 -3.96798848e-03
0  3.39623000e+02 -1.61384735e-02
0  1.09553000e+02 -5.31624937e-02
0  3.87773000e+01 -1.27976662e-01
0  1.45759000e+01 -1.99484219e-01
0  5.26993000e+00  3.39228987e-02
0  1.82777000e+00  6.01771544e-01
0  6.19948000e-01  4.78594658e-01
0  3.57228000e-01  4.66375809e-03
0  6.18610000e-02  1.40967580e-02
0  2.42950000e-02 -5.95844554e-03
1  1.44645000e+02 -1.87328671e-16
1  1.44645000e+02 -2.41230905e-16
1  1.44645000e+02  3.12715256e-16
1  3.39074000e+01  1.78100692e-16
1  3.39074000e+01  2.46347938e-16
1  3.39074000e+01 -1.61294878e-17
1  1.06285000e+01 -1.54368404e-16
1  1.06285000e+01 -4.46597946e-16
1  1.06285000e+01 -4.66649420e-16
1  3.82389000e+00  3.37995991e-17
1  3.82389000e+00  2.42764597e-16
1  3.82389000e+00  5.73892658e-16
1  1.44429000e+00 -3.07292577e-16
1  1.44429000e+00 -1.12449111e-16
1  1.44429000e+00 -4.55362160e-16
1  5.52621000e-01  1.90386616e-16
1  5.52621000e-01 -3.34514127e-16
1  5.52621000e-01  1.86606011e-16
1  1.88720000e-01 -3.00087740e-16
1  1.88720000e-01  4.59602934e-16
1  1.88720000e-01 -1.36843253e-16
1  4.65010000e-02  8.29190754e-18
1  4.65010000e-02 -2.22680978e-16
1  4.65010000e-02 -6.70154091e-17
1  1.62850000e-02 -5.87891321e-17
1  1.62850000e-02  1.99040594e-16
1  1.62850000e-02  8.20292134e-17
1  8.00000000e-03  9.13561933e-17
1  8.00000000e-03 -2.52720905e-16
1  8.00000000e-03 -4.79812964e-17
0  3.61664000e+04 -1.45262405e-19
0  5.37258000e+03  1.85884410e-18
0  1.21321000e+03 -9.46013681e-18
0  3.39623000e+02 -6.50691464e-19
0  1.09553000e+02 -7.93011918e-18
0  3.87773000e+01 -5.49785464e-17
0  1.45759000e+01 -3.52443422e-17
0  5.26993000e+00  2.21191571e-17
0  1.82777000e+00  2.03232638e-16
0  6.19948000e-01  1.22137693e-16
0  3.57228000e-01 -1.61767110e-16
0  6.18610000e-02  1.55648027e-17
0  2.42950000e-02 -9.02732404e-17
1  1.44645000e+02  8.45433336e-04
1  1.44645000e+02  4.90411677e-03
1  1.44645000e+02 -1.99230352e-03
1  3.39074000e+01  6.06157381e-03
1  3.39074000e+01  3.51614545e-02
1  3.39074000e+01 -1.42843845e-02
1  1.06285000e+01  2.35280928e-02
1  1.06285000e+01  1.36479731e-01
1  1.06285000e+01 -5.54450600e-02
1  3.82389000e+00  5.16551132e-02
1  3.82389000e+00  2.99636525e-01
1  3.82389000e+00 -1.21727710e-01
1  1.44429000e+00  6.54220486e-02
1  1.44429000e+00  3.79494576e-01
1  1.44429000e+00 -1.54170142e-01
1  5.52621000e-01  4.35188604e-02
1  5.52621000e-01  2.52440452e-01
1  5.52621000e-01 -1.02554247e-01
1  1.88720000e-01  7.02480781e-03
1  1.88720000e-01  4.07488992e-02
1  1.88720000e-01 -1.65542908e-02
1  4.65010000e-02 -2.97641088e-04
1  4.65010000e-02 -1.72653075e-03
1  4.65010000e-02  7.01405259e-04
1  1.62850000e-02  3.09130115e-04
1  1.62850000e-02  1.79317531e-03
1  1.62850000e-02 -7.28479693e-04
1  8.00000000e-03 -1.41634246e-04
1  8.00000000e-03 -8.21579720e-04
1  8.00000000e-03  3.33767780e-04
0  3.61664000e+04 -6.69961254e-20
0  5.37258000e+03  8.20355598e-19
0  1.21321000e+03 -4.32322738e-18
0  3.39623000e+02 -7.73903104e-19
0  1.09553000e+02 -5.07801785e-18
0  3.87773000e+01 -2.23377910e-17
0  1.45759000e+01 -4.28788071e-17
0  5.26993000e+00  7.01995359e-17
0  1.82777000e+00  5.45083383e-17
0  6.19948000e-01  8.73780340e-17
0  3.57228000e-01  1.60727625e-16
0  6.18610000e-02 -1.04310485e-15
0  2.42950000e-02  1.81375317e-16
1  1.44645000e+02 -3.09492601e-03
1  1.44645000e+02  2.09472825e-03
1  1.44645000e+02  3.84290759e-03
1  3.39074000e+01 -2.21899488e-02
1  3.39074000e+01  1.50187476e-02
1  3.39074000e+01  2.75528146e-02
1  1.06285000e+01 -8.61306303e-02
1  1.06285000e+01  5.82955017e-02
1  1.06285000e+01  1.06946677e-01
1  3.82389000e+00 -1.89096817e-01
1  3.82389000e+00  1.27985756e-01
1  3.82389000e+00  2.34797728e-01
1  1.44429000e+00 -2.39494223e-01
1  1.44429000e+00  1.62096060e-01
1  1.44429000e+00  2.97375176e-01
1  5.52621000e-01 -1.59311973e-01
1  5.52621000e-01  1.07826581e-01
1  5.52621000e-01  1.97814484e-01
1  1.88720000e-01 -2.57161144e-02
1  1.88720000e-01  1.74053503e-02
1  1.88720000e-01  3.19311838e-02
1  4.65010000e-02  1.08959170e-03
1  4.65010000e-02 -7.37464645e-04
1  4.65010000e-02 -1.35292417e-03
1  1.62850000e-02 -1.13165024e-03
1  1.62850000e-02  7.65930982e-04
1  1.62850000e-02  1.40514741e-03
1  8.00000000e-03  5.18488560e-04
1  8.00000000e-03 -3.50926849e-04
1  8.00000000e-03 -6.43796852e-04
0  3.61664000e+04 -3.38433525e-19
0  5.37258000e+03  4.85842261e-18
0  1.21321000e+03 -2.26822550e-17
0  3.39623000e+02  2.62700039e-18
0  1.09553000e+02 -7.53694604e-18
0  3.87773000e+01 -8.93291922e-17
0  1.45759000e+01 -7.63906150e-17
0  5.26993000e+00  1.86704126e-16
0  1.82777000e+00  4.18756599e-17
0  6.19948000e-01  3.27469252e-16
0  3.57228000e-01 -3.29156292e-16
0  6.18610000e-02  6.44019915e-16
0  2.42950000e-02 -1.00170974e-15
1  1.44645000e+02  4.29430642e-03
1  1.44645000e+02  5.44191518e-04
1  1.44645000e+02  3.16183176e-03
1  3.39074000e+01  3.07892464e-02
1  3.39074000e+01  3.90173525e-03
1  3.39074000e+01  2.26696486e-02
1  1.06285000e+01  1.19508938e-01
1  1.06285000e+01  1.51446459e-02
1  1.06285000e+01  8.79925925e-02
1  3.82389000e+00  2.62377735e-01
1  3.82389000e+00  3.32495458e-02
1  3.82389000e+00  1.93184691e-01
1  1.44429000e+00  3.32305708e-01
1  1.44429000e+00  4.21110954e-02
1  1.44429000e+00  2.44671581e-01
1  5.52621000e-01  2.21050334e-01
1  5.52621000e-01  2.80123739e-02
1  5.52621000e-01  1.62755961e-01
1  1.88720000e-01  3.56819113e-02
1  1.88720000e-01  4.52175312e-03
1  1.88720000e-01  2.62720424e-02
1  4.65010000e-02 -1.51184249e-03
1  4.65010000e-02 -1.91586668e-04
1  4.65010000e-02 -1.11314637e-03
1  1.62850000e-02  1.57020002e-03
1  1.62850000e-02  1.98981965e-04
1  1.62850000e-02  1.15611412e-03
1  8.00000000e-03 -7.19419058e-04
1  8.00000000e-03 -9.11676323e-05
1  8.00000000e-03 -5.29697186e-04
0  3.61664000e+04  1.43564586e-05
0  5.37258000e+03  1.12009448e-04
0  1.21321000e+03  5.94795480e-04
0  3.39623000e+02  2.42260310e-03
0  1.09553000e+02  8.01179514e-03
0  3.87773000e+01  1.94968569e-02
0  1.45759000e+01  3.11963770e-02
0  5.26993000e+00 -5.82917997e-03
0  1.82777000e+00 -1.12505066e-01
0  6.19948000e-01 -1.48642127e-01
0  3.57228000e-01 -6.91488840e-02
0  6.18610000e-02  6.07874154e-01
0  2.42950000e-02  4.97947948e-01
1  1.44645000e+02  1.01067775e-16
1  1.44645000e+02  2.36352961e-16
1  1.44645000e+02  5.63453699e-17
1  3.39074000e+01 -5.57944400e-17
1  3.39074000e+01  1.81576712e-18
1  3.39074000e+01  1.38631100e-16
1  1.06285000e+01  1.64368455e-16
1  1.06285000e+01 -2.63756406e-16
1  1.06285000e+01 -1.31638202e-17
1  3.82389000e+00  3.21402989e-17
1  3.82389000e+00  3.62985268e-16
1  3.82389000e+00  1.83168155e-16
1  1.44429000e+00  6.00346858e-17
1  1.44429000e+00 -5.09765512e-17
1  1.44429000e+00  2.54944201e-16
1  5.52621000e-01 -1.22816573e-16
1  5.52621000e-01 -4.70459590e-16
1  5.52621000e-01 -1.65975475e-16
1  1.88720000e-01  2.43742287e-16
1  1.88720000e-01  6.11238915e-16
1  1.88720000e-01  2.38419555e-16
1  4.65010000e-02  1.27008254e-15
1  4.65010000e-02  2.73532787e-15
1  4.65010000e-02  5.49292219e-16
1  1.62850000e-02  3.52781196e-16
1  1.62850000e-02  1.00142817e-15
1  1.62850000e-02  2.61973674e-16
1  8.00000000e-03 -3.44111835e-16
1  8.00000000e-03 -1.11654207e-17
1  8.00000000e-03 -1.34247460e-16
0  3.61664000e+04  3.91142395e-04
0  5.37258000e+03  3.06160445e-03
0  1.21321000e+03  1.60082433e-02
0  3.39623000e+02  6.41988805e-02
0  1.09553000e+02  1.94899664e-01
0  3.87773000e+01  4.01045401e-01
0  1.45759000e+01  3.92505075e-01
0  5.26993000e+00  8.34104421e-02
0  1.82777000e+00 -4.04493111e-03
0  6.19948000e-01  4.63162778e-03
0  3.57228000e-01 -2.38270052e-03
0  6.18610000e-02  3.93342522e-04
0  2.42950000e-02 -1.72835381e-04
1  1.44645000e+02 -1.75039051e-16
1  1.44645000e+02  7.84359232e-17
1  1.44645000e+02  2.85367240e-17
1  3.39074000e+01  1.26453314e-16
1  3.39074000e+01 -1.39661713e-17
1  3.39074000e+01 -1.64280656e-16
1  1.06285000e+01  2.30301557e-16
1  1.06285000e+01  1.48837919e-16
1  1.06285000e+01  1.76490713e-16
1  3.82389000e+00 -4.83087128e-16
1  3.82389000e+00 -1.48608615e-16
1  3.82389000e+00 -3.64224438e-16
1  1.44429000e+00  4.39964186e-16
1  1.44429000e+00  6.47971116e-17
1  1.44429000e+00  3.88342430e-16
1  5.52621000e-01 -2.45018390e-16
1  5.52621000e-01 -6.22522112e-17
1  5.52621000e-01 -5.92007809e-17
1  1.88720000e-01  7.77835630e-17
1  1.88720000e-01  5.20477740e-17
1  1.88720000e-01  6.28841043e-17
1  4.65010000e-02  1.62482445e-17
1  4.65010000e-02  1.90923171e-17
1  4.65010000e-02 -1.40251656e-16
1  1.62850000e-02  1.64112942e-17
1  1.62850000e-02 -7.32619325e-17
1  1.62850000e-02  1.92832462e-16
1  8.00000000e-03 -7.19315194e-18
1  8.00000000e-03 -1.44929013e-17
1  8.00000000e-03 -1.08921413e-16
0  3.61664000e+04 -9.56696933e-05
0  5.37258000e+03 -7.46381619e-04
0  1.21321000e+03 -3.96137400e-03
0  3.39623000e+02 -1.61134430e-02
0  1.09553000e+02 -5.30675892e-02
0  3.87773000e+01 -1.27776165e-01
0  1.45759000e+01 -1.99042726e-01
0  5.26993000e+00  3.35223151e-02
0  1.82777000e+00  5.99558264e-01
0  6.19948000e-01  4.80157278e-01
0  3.57228000e-01  5.53886228e-03
0  6.18610000e-02  1.40862420e-02
0  2.42950000e-02 -5.97290912e-03
1  1.44645000e+02 -1.04130089e-16
1  1.44645000e+02  2.01007640e-16
1  1.44645000e+02  1.13040725e-16
1  3.39074000e+01 -2.34938434e-16
1  3.39074000e+01 -4.17807879e-16
1  3.39074000e+01 -3.11412446e-18
1  1.06285000e+01  1.65450628e-16
1  1.06285000e+01  2.74090143e-16
1  1.06285000e+01 -1.96004124e-16
1  3.82389000e+00  3.20917624e-17
1  3.82389000e+00 -1.53381377e-16
1  3.82389000e+00 -1.42840677e-16
1  1.44429000e+00 -8.16932483e-17
1  1.44429000e+00 -1.27910763e-16
1  1.44429000e+00  2.89167860e-16
1  5.52621000e-01 -1.46792281e-16
1  5.52621000e-01 -7.06546579e-17
1  5.52621000e-01 -2.70950781e-16
1  1.88720000e-01  3.68769968e-17
1  1.88720000e-01  2.92226577e-16
1  1.88720000e-01  2.25647952e-16
1  4.65010000e-02 -8.91674723e-17
1  4.65010000e-02 -1.85290014e-16
1  4.65010000e-02 -1.40338159e-16
1  1.62850000e-02  2.39262560e-16
1  1.62850000e-02  2.37972422e-17
1  1.62850000e-02  1.43927014e-16
1  8.00000000e-03 -8.80624113e-17
1  8.00000000e-03 -1.52051304e-16
1  8.00000000e-03 -1.05686307e-16
0  3.61664000e+04 -9.61551701e-20
0  5.37258000e+03  1.61201723e-18
0  1.21321000e+03 -4.55699293e-19
0  3.39623000e+02 -1.25862914e-17
0  1.09553000e+02 -3.87831009e-17
0  3.87773000e+01  3.05640665e-17
0  1.45759000e+01  5.04638277e-18
0  5.26993000e+00 -1.24828396e-16
0  1.82777000e+00  2.04018491e-16
0  6.19948000e-01  5.18745963e-17
0  3.57228000e-01 -9.19458945e-17
0  6.18610000e-02 -3.62243283e-16
0  2.42950000e-02  7.14127573e-16
1  1.44645000e+02 -9.61787617e-04
1  1.44645000e+02  1.97975318e-03
1  1.44645000e+02  4.89395503e-03
1  3.39074000e+01 -6.89626585e-03
1  3.39074000e+01  1.41953421e-02
1  3.39074000e+01  3.50909227e-02
1  1.06285000e+01 -2.67735481e-02
1  1.06285000e+01  5.51109372e-02
1  1.06285000e+01  1.36234381e-01
1  3.82389000e+00 -5.87189376e-02
1  3.82389000e+00  1.20867644e-01
1  3.82389000e+00  2.98785132e-01
1  1.44429000e+00 -7.44637225e-02
1  1.44429000e+00  1.53276866e-01
1  1.44429000e+00  3.78900813e-01
1  5.52621000e-01 -4.96900144e-02
1  5.52621000e-01  1.02282419e-01
1  5.52621000e-01  2.52842407e-01
1  1.88720000e-01 -7.28588169e-03
1  1.88720000e-01  1.49973312e-02
1  1.88720000e-01  3.70734419e-02
1  4.65010000e-02  6.51898335e-04
1  4.65010000e-02 -1.34187400e-03
1  4.65010000e-02 -3.31711604e-03
1  1.62850000e-02 -4.46756618e-04
1  1.62850000e-02  9.19608257e-04
1  1.62850000e-02  2.27327401e-03
1  8.00000000e-03  2.03656033e-04
1  8.00000000e-03 -4.19207600e-04
1  8.00000000e-03 -1.03628228e-03
0  3.61664000e+04  4.11571006e-20
0  5.37258000e+03 -1.02852082e-18
0  1.21321000e+03 -8.44301619e-19
0  3.39623000e+02  2.91633560e-18
0  1.09553000e+02  1.60991095e-17
0  3.87773000e+01 -2.28923882e-17
0  1.45759000e+01  1.96044468e-17
0  5.26993000e+00 -1.15713362e-17
0  1.82777000e+00  1.77179021e-17
0  6.19948000e-01 -5.47056828e-16
0  3.57228000e-01  7.67763961e-16
0  6.18610000e-02 -2.02338907e-17
0  2.42950000e-02 -1.88373158e-16
1  1.44645000e+02  5.10790131e-03
1  1.44645000e+02 -9.08030696e-04
1  1.44645000e+02  1.37115949e-03
1  3.39074000e+01  3.66249729e-02
1  3.39074000e+01 -6.51081483e-03
1  3.39074000e+01  9.83156801e-03
1  1.06285000e+01  1.42190063e-01
1  1.06285000e+01 -2.52771018e-02
1  1.06285000e+01  3.81693462e-02
1  3.82389000e+00  3.11846954e-01
1  3.82389000e+00 -5.54369767e-02
1  3.82389000e+00  8.37118581e-02
1  1.44429000e+00  3.95465007e-01
1  1.44429000e+00 -7.03017429e-02
1  1.44429000e+00  1.06158198e-01
1  5.52621000e-01  2.63895777e-01
1  5.52621000e-01 -4.69127046e-02
1  5.52621000e-01  7.08398961e-02
1  1.88720000e-01  3.86941608e-02
1  1.88720000e-01 -6.87865398e-03
1  1.88720000e-01  1.03870186e-02
1  4.65010000e-02 -3.46212854e-03
1  4.65010000e-02  6.15461967e-04
1  4.65010000e-02 -9.29370032e-04
1  1.62850000e-02  2.37265346e-03
1  1.62850000e-02 -4.21786177e-04
1  1.62850000e-02  6.36912522e-04
1  8.00000000e-03 -1.08158485e-03
1  8.00000000e-03  1.92273144e-04
1  8.00000000e-03 -2.90339465e-04
0  3.61664000e+04 -1.53238227e-19
0  5.37258000e+03  3.25057465e-18
0  1.21321000e+03  2.31594802e-18
0  3.39623000e+02 -1.31667876e-17
0  1.09553000e+02 -6.17855890e-17
0  3.87773000e+01  4.42157314e-17
0  1.45759000e+01 -7.84311179e-17
0  5.26993000e+00 -2.91642381e-17
0  1.82777000e+00  2.22486077e-16
0  6.19948000e-01  3.92927984e-16
0  3.57228000e-01 -5.28296986e-16
0  6.18610000e-02  2.28466093e-16
0  2.42950000e-02 -1.76513972e-16
1  1.44645000e+02  1.33400250e-03
1  1.44645000e+02  4.90421365e-03
1  1.44645000e+02 -1.72173741e-03
1  3.39074000e+01  9.56514279e-03
1  3.39074000e+01  3.51644797e-02
1  3.39074000e+01 -1.23453024e-02
1  1.06285000e+01  3.71349968e-02
1  1.06285000e+01  1.36519953e-01
1  1.06285000e+01 -4.79284809e-02
1  3.82389000e+00  8.14433542e-02
1  3.82389000e+00  2.99411440e-01
1  3.82389000e+00 -1.05115298e-01
1  1.44429000e+00  1.03281421e-01
1  1.44429000e+00  3.79695058e-01
1  1.44429000e+00 -1.33300715e-01
1  5.52621000e-01  6.89202090e-02
1  5.52621000e-01  2.53372411e-01
1  5.52621000e-01 -8.89522338e-02
1  1.88720000e-01  1.01055412e-02
1  1.88720000e-01  3.71511546e-02
1  1.88720000e-01 -1.30427704e-02
1  4.65010000e-02 -9.04185076e-04
1  4.65010000e-02 -3.32406932e-03
1  4.65010000e-02  1.16699127e-03
1  1.62850000e-02  6.19652858e-04
1  1.62850000e-02  2.27803921e-03
1  1.62850000e-02 -7.99758252e-04
1  8.00000000e-03 -2.82471569e-04
1  8.00000000e-03 -1.03845452e-03
1  8.00000000e-03  3.64573431e-04
