HF Pseudopotential fit - CRYSTAL98 format
======================================

Element    :  Fe
When       :  25 Nov 04

INPUT
8.000   8   8   8   0   0
          0.70607410            8.00000000       -1
          1.07871019          -26.58115591        0
         17.81032160          -39.18141261        0
          2.04163185         -888.52965861        1
          2.01221214          894.17825144        1
         24.45934744       -20408.94718381        2
         25.50828242        21325.05799833        2
         33.77437922        -1642.61773761        2
          0.83218782          -12.15852292        0
         13.53388207           71.63863319        0
          2.43532293    -16241500.74540920        1
          1.19677039           29.95996576        1
          2.43532210     16241470.78544344        1
         18.94197102     16241291.54712634        2
          4.45155961          192.39663492        2
         18.94228223    -16240524.51312302        2
          1.28142643            7.67264001        0
         24.31605997           50.53681387        0
          2.44652853         1285.73330336        1
          1.47015810           29.12949254        1
          2.32570711        -1314.86279589        1
         23.48860100        -1423.76626778        2
          2.13040175          102.23104354        2
         19.31945109         2560.22334480        2
