HF Pseudopotential fit - GAUSSIAN98 format
======================================

Element    :  Fe
When       :  25 Nov 04

Vd
 8
 1            0.70607410            8.00000000
 2            1.07871019          -26.58115591
 2           17.81032160          -39.18141261
 3            2.04163185         -888.52965861
 3            2.01221214          894.17825144
 4           24.45934744       -20408.94718381
 4           25.50828242        21325.05799833
 4           33.77437922        -1642.61773761
Vs - Vd
 8
 2            0.83218782          -12.15852292
 2           13.53388207           71.63863319
 3            2.43532293    -16241500.74540920
 3            1.19677039           29.95996576
 3            2.43532210     16241470.78544344
 4           18.94197102     16241291.54712634
 4            4.45155961          192.39663492
 4           18.94228223    -16240524.51312302
Vp - Vd
 8
 2            1.28142643            7.67264001
 2           24.31605997           50.53681387
 3            2.44652853         1285.73330336
 3            1.47015810           29.12949254
 3            2.32570711        -1314.86279589
 4           23.48860100        -1423.76626778
 4            2.13040175          102.23104354
 4           19.31945109         2560.22334480
